(451,1)
(315,1)
(3395,1)
(147,1)
(2227,1)
(3371,1)
(1859,1)
(3875,1)
(3155,1)
(667,1)
(795,1)
(1907,1)
(2643,1)
(307,1)
(1355,1)
(3547,1)
(11,1)
(4755,1)
(1523,1)
(3339,1)
(2051,1)
(1995,1)
(291,1)
(2027,1)
(4283,1)
(2691,1)
(2715,1)
(931,1)
(443,1)
(1739,1)
(2331,1)
(2371,1)
(755,1)
(4355,1)
(659,1)
(195,1)
(4843,1)
(4643,1)
(2427,1)
(3795,1)
(2931,1)
(4939,1)
(1419,1)
(4363,1)
(331,1)
(4667,1)
(4411,1)
(403,1)
(715,1)
(4595,1)
(355,1)
(3683,1)
(283,1)
(3467,1)
(2323,1)
(3139,1)
(1971,1)
(2219,1)
(2659,1)
(347,1)
(2035,1)
(131,1)
(1467,1)
(3611,1)
(2195,1)
(851,1)
(2163,1)
(515,1)
(3171,1)
(731,1)
(3659,1)
(1475,1)
(787,1)
(547,1)
(2747,1)
(2843,1)
(4763,1)
(363,1)
(2963,1)
(4691,1)
(1851,1)
(3195,1)
(1099,1)
(2387,1)
(1731,1)
(4043,1)
(3259,1)
(1363,1)
(2339,1)
(387,1)
(3771,1)
(2587,1)
(1635,1)
(427,1)
(835,1)
(603,1)
(1219,1)
(3123,1)
(275,1)
(1059,1)
(2235,1)
(3835,1)
(3347,1)
(1563,1)
(4251,1)
(2787,1)
(1195,1)
(83,1)
(771,1)
(827,1)
(251,1)
(4211,1)
(3251,1)
(3891,1)
(2011,1)
(651,1)
(2403,1)
(3043,1)
(915,1)
(2627,1)
(467,1)
(187,1)
(4291,1)
(4083,1)
(2675,1)
(4243,1)
(4371,1)
(3451,1)
(2155,1)
(3963,1)
(1843,1)
(3555,1)
(243,1)
(4627,1)
(3411,1)
(2827,1)
(507,1)
(4899,1)
(4451,1)
(1699,1)
(571,1)
(4619,1)
(987,1)
(259,1)
(2915,1)
(4347,1)
(4163,1)
(2147,1)
(579,1)
(2763,1)
(4739,1)
(2563,1)
(2187,1)
(1035,1)
(675,1)
(819,1)
(4723,1)
(2867,1)
(3603,1)
(3443,1)
(499,1)
(4555,1)
(3491,1)
(1531,1)
(4571,1)
(3827,1)
(4235,1)
(267,1)
(907,1)
(1379,1)
(4091,1)
(3923,1)
(2875,1)
(4099,1)
(3379,1)
(2555,1)
(2683,1)
(707,1)
(2459,1)
(3499,1)
(1171,1)
(1515,1)
(4819,1)
(1947,1)
(4523,1)
(3019,1)
(683,1)
(4179,1)
(1155,1)
(3587,1)
(1187,1)
(4547,1)
(2411,1)
(2835,1)
(3267,1)
(1555,1)
(1891,1)
(4891,1)
(1883,1)
(2091,1)
(2819,1)
(3011,1)
(4579,1)
(2491,1)
(483,1)
(99,1)
(2699,1)
(1203,1)
(4315,1)
(643,1)
(2731,1)
(2067,1)
(4075,1)
(3211,1)
(4779,1)
(1755,1)
(3387,1)
(2755,1)
(1235,1)
(2059,1)
(2859,1)
(3131,1)
(1659,1)
(3067,1)
(1979,1)
(763,1)
(1707,1)
(4395,1)
(3819,1)
(4851,1)
(1243,1)
(3323,1)
(91,1)
(2723,1)
(2515,1)
(4139,1)
(2275,1)
(4011,1)
(123,1)
(2707,1)
(2019,1)
(2107,1)
(867,1)
(2507,1)
(1867,1)
(3563,1)
(875,1)
(3099,1)
(4435,1)
(1347,1)
(2291,1)
(883,1)
(3219,1)
(1939,1)
(1987,1)
(2307,1)
(531,1)
(923,1)
(51,1)
(1291,1)
(1683,1)
(219,1)
(3867,1)
(2803,1)
(843,1)
(523,1)
(3971,1)
(3403,1)
(2995,1)
(3187,1)
(2891,1)
(1435,1)
(4699,1)
(4419,1)
(555,1)
(3595,1)
(4379,1)
(2451,1)
(587,1)
(3091,1)
(1131,1)
(4827,1)
(2571,1)
(899,1)
(1091,1)
(1267,1)
(1387,1)
(4475,1)
(1619,1)
(4275,1)
(995,1)
(27,1)
(3811,1)
(1795,1)
(2435,1)
(1115,1)
(1043,1)
(4323,1)
(4427,1)
(3755,1)
(2179,1)
(4875,1)
(163,1)
(3083,1)
(4979,1)
(4675,1)
(2115,1)
(2579,1)
(1835,1)
(4483,1)
(1123,1)
(19,1)
(3331,1)
(3275,1)
(4931,1)
(3859,1)
(723,1)
(4803,1)
(1547,1)
(635,1)
(171,1)
(2739,1)
(235,1)
(3843,1)
(1923,1)
(3435,1)
(1723,1)
(1651,1)
(2979,1)
(1603,1)
(1483,1)
(4107,1)
(4811,1)
(1027,1)
(203,1)
(211,1)
(2531,1)
(3475,1)
(299,1)
(4683,1)
(2443,1)
(539,1)
(2851,1)
(139,1)
(2595,1)
(3715,1)
(1139,1)
(3291,1)
(4587,1)
(2419,1)
(1003,1)
(4659,1)
(3723,1)
(59,1)
(1307,1)
(4731,1)
(2299,1)
(4539,1)
(411,1)
(2315,1)
(1315,1)
(1875,1)
(4067,1)
(3979,1)
(1779,1)
(3907,1)
(1611,1)
(4403,1)
(3539,1)
(2083,1)
(3939,1)
(4059,1)
(3523,1)
(4339,1)
(2955,1)
(4491,1)
(4611,1)
(3619,1)
(3899,1)
(2123,1)
(4515,1)
(3915,1)
(1507,1)
(2651,1)
(4907,1)
(1227,1)
(2611,1)
(4795,1)
(2523,1)
(1011,1)
(4123,1)
(963,1)
(1763,1)
(4387,1)
(2899,1)
(3147,1)
(2499,1)
(2267,1)
(1163,1)
(4115,1)
(4531,1)
(3163,1)
(435,1)
(3987,1)
(115,1)
(4635,1)
(699,1)
(2043,1)
(779,1)
(1051,1)
(2547,1)
(1459,1)
(4507,1)
(1443,1)
(4227,1)
(3571,1)
(1411,1)
(3579,1)
(2923,1)
(1539,1)
(891,1)
(2939,1)
(2539,1)
(1691,1)
(227,1)
(371,1)
(3803,1)
(4187,1)
(4923,1)
(2667,1)
(3635,1)
(955,1)
(2347,1)
(4995,1)
(4499,1)
(4707,1)
(1067,1)
(1179,1)
(4267,1)
(3731,1)
(2075,1)
(4035,1)
(3931,1)
(3075,1)
(1371,1)
(4563,1)
(3851,1)
(3427,1)
(1451,1)
(4307,1)
(35,1)
(1771,1)
(611,1)
(4963,1)
(1787,1)
(459,1)
(1403,1)
(1627,1)
(1083,1)
(2211,1)
(2171,1)
(4971,1)
(1963,1)
(3059,1)
(1915,1)
(339,1)
(4027,1)
(1323,1)
(3507,1)
(4131,1)
(1899,1)
(3739,1)
(4003,1)
(1667,1)
(1283,1)
(971,1)
(1747,1)
(4603,1)
(1587,1)
(3307,1)
(1675,1)
(1491,1)
(1395,1)
(2603,1)
(947,1)
(627,1)
(4195,1)
(3115,1)
(2283,1)
(1019,1)
(2379,1)
(67,1)
(1251,1)
(1499,1)
(811,1)
(1819,1)
(1643,1)
(3283,1)
(4835,1)
(4859,1)
(2243,1)
(475,1)
(619,1)
(3883,1)
(1259,1)
(3675,1)
(3763,1)
(323,1)
(4147,1)
(4051,1)
(2259,1)
(2779,1)
(107,1)
(179,1)
(4987,1)
(2483,1)
(75,1)
(939,1)
(2883,1)
(3179,1)
(3227,1)
(3459,1)
(1955,1)
(4155,1)
(4955,1)
(1275,1)
(3235,1)
(1331,1)
(4651,1)
(2635,1)
(3027,1)
(2475,1)
(3699,1)
(4747,1)
(4219,1)
(747,1)
(3947,1)
(4203,1)
(1595,1)
(4459,1)
(4467,1)
(3419,1)
(3035,1)
(3707,1)
(2003,1)
(2203,1)
(4443,1)
(3483,1)
(739,1)
(3107,1)
(4019,1)
(803,1)
(4867,1)
(2971,1)
(3355,1)
(4715,1)
(1803,1)
(3779,1)
(3787,1)
(1827,1)
(979,1)
(4299,1)
(4259,1)
(3691,1)
(3531,1)
(3203,1)
(155,1)
(1147,1)
