(4904,1)
(4552,1)
(3456,1)
(4680,1)
(1080,1)
(320,1)
(752,1)
(3272,1)
(4352,1)
(408,1)
(4960,1)
(1840,1)
(1328,1)
(464,1)
(1880,1)
(1336,1)
(1040,1)
(520,1)
(2304,1)
(912,1)
(4928,1)
(2848,1)
(2616,1)
(1128,1)
(576,1)
(1752,1)
(712,1)
(1416,1)
(4224,1)
(3480,1)
(160,1)
(512,1)
(1168,1)
(3192,1)
(2960,1)
(1304,1)
(3240,1)
(992,1)
(2904,1)
(2584,1)
(4104,1)
(1480,1)
(2272,1)
(3336,1)
(4544,1)
(2664,1)
(4168,1)
(2608,1)
(808,1)
(3024,1)
(3208,1)
(1096,1)
(696,1)
(528,1)
(1632,1)
(40,1)
(3032,1)
(3320,1)
(1808,1)
(4256,1)
(3472,1)
(2872,1)
(2912,1)
(2704,1)
(944,1)
(1848,1)
(1280,1)
(2712,1)
(136,1)
(2192,1)
(1816,1)
(3896,1)
(1104,1)
(2392,1)
(96,1)
(1176,1)
(3568,1)
(3296,1)
(1144,1)
(4968,1)
(848,1)
(4304,1)
(2280,1)
(216,1)
(2424,1)
(1592,1)
(4592,1)
(1296,1)
(4760,1)
(4424,1)
(3008,1)
(4656,1)
(1320,1)
(1344,1)
(4008,1)
(344,1)
(3808,1)
(3816,1)
(664,1)
(4160,1)
(4824,1)
(72,1)
(1664,1)
(2040,1)
(4336,1)
(2856,1)
(2360,1)
(4072,1)
(4632,1)
(2448,1)
(144,1)
(2600,1)
(4864,1)
(968,1)
(4128,1)
(2088,1)
(1984,1)
(592,1)
(3136,1)
(3848,1)
(3560,1)
(1800,1)
(2744,1)
(1656,1)
(1264,1)
(208,1)
(1928,1)
(1696,1)
(2808,1)
(3600,1)
(1968,1)
(3744,1)
(3512,1)
(984,1)
(4792,1)
(2792,1)
(2768,1)
(1368,1)
(4752,1)
(3520,1)
(3000,1)
(8,1)
(3616,1)
(3128,1)
(4744,1)
(1424,1)
(536,1)
(4240,1)
(4688,1)
(3696,1)
(2488,1)
(3824,1)
(2224,1)
(2968,1)
(600,1)
(4080,1)
(3488,1)
(3016,1)
(4512,1)
(672,1)
(2248,1)
(1896,1)
(2952,1)
(1680,1)
(3048,1)
(152,1)
(368,1)
(4344,1)
(4768,1)
(2736,1)
(4840,1)
(2016,1)
(2544,1)
(3792,1)
(2760,1)
(3304,1)
(400,1)
(888,1)
(1920,1)
(256,1)
(4408,1)
(2368,1)
(4016,1)
(1200,1)
(2200,1)
(4672,1)
(2480,1)
(4312,1)
(4608,1)
(1032,1)
(120,1)
(3504,1)
(224,1)
(4376,1)
(2352,1)
(616,1)
(3328,1)
(4736,1)
(608,1)
(1184,1)
(1688,1)
(2472,1)
(3064,1)
(3280,1)
(1472,1)
(1864,1)
(304,1)
(4040,1)
(1624,1)
(2128,1)
(872,1)
(1672,1)
(2992,1)
(496,1)
(2080,1)
(176,1)
(360,1)
(840,1)
(3648,1)
(1792,1)
(4320,1)
(1888,1)
(312,1)
(2320,1)
(936,1)
(2928,1)
(3368,1)
(16,1)
(1856,1)
(1608,1)
(2176,1)
(2840,1)
(3912,1)
(456,1)
(376,1)
(720,1)
(2824,1)
(928,1)
(1136,1)
(64,1)
(1488,1)
(2640,1)
(2296,1)
(4816,1)
(3312,1)
(1728,1)
(432,1)
(640,1)
(2136,1)
(1152,1)
(4600,1)
(4728,1)
(2152,1)
(2720,1)
(4296,1)
(2456,1)
(4568,1)
(280,1)
(4328,1)
(4856,1)
(4448,1)
(2528,1)
(232,1)
(240,1)
(4264,1)
(4480,1)
(4456,1)
(0,1)
(3080,1)
(1992,1)
(2880,1)
(1832,1)
(4360,1)
(4712,1)
(2752,1)
(3624,1)
(3352,1)
(3856,1)
(2168,1)
(4696,1)
(488,1)
(2288,1)
(1560,1)
(1720,1)
(3784,1)
(1392,1)
(656,1)
(1248,1)
(4704,1)
(3984,1)
(1736,1)
(4056,1)
(4848,1)
(744,1)
(4576,1)
(1496,1)
(952,1)
(480,1)
(1008,1)
(3528,1)
(4288,1)
(1528,1)
(4392,1)
(4432,1)
(3216,1)
(2160,1)
(1552,1)
(624,1)
(288,1)
(2144,1)
(4648,1)
(3416,1)
(1352,1)
(4000,1)
(2000,1)
(3680,1)
(112,1)
(3400,1)
(1872,1)
(4528,1)
(632,1)
(3640,1)
(2512,1)
(4944,1)
(3496,1)
(4488,1)
(184,1)
(2696,1)
(3872,1)
(4144,1)
(3360,1)
(2672,1)
(1408,1)
(1600,1)
(4120,1)
(1744,1)
(832,1)
(1824,1)
(1224,1)
(1272,1)
(2656,1)
(4984,1)
(3168,1)
(1216,1)
(168,1)
(296,1)
(2688,1)
(1520,1)
(1016,1)
(1784,1)
(4400,1)
(4504,1)
(3976,1)
(2784,1)
(4248,1)
(4832,1)
(2312,1)
(1912,1)
(3992,1)
(3144,1)
(2496,1)
(3424,1)
(336,1)
(3952,1)
(472,1)
(2536,1)
(3664,1)
(4136,1)
(1400,1)
(3736,1)
(4216,1)
(248,1)
(1760,1)
(2408,1)
(2568,1)
(4720,1)
(1064,1)
(4032,1)
(1232,1)
(760,1)
(1944,1)
(56,1)
(920,1)
(704,1)
(2008,1)
(3376,1)
(3928,1)
(2592,1)
(4912,1)
(3904,1)
(3088,1)
(2832,1)
(1288,1)
(32,1)
(3392,1)
(4096,1)
(4048,1)
(3544,1)
(4152,1)
(3864,1)
(3552,1)
(2936,1)
(2944,1)
(3960,1)
(4232,1)
(4584,1)
(3288,1)
(4112,1)
(2864,1)
(4952,1)
(3576,1)
(768,1)
(2336,1)
(3384,1)
(1072,1)
(88,1)
(3264,1)
(1776,1)
(4208,1)
(4200,1)
(1960,1)
(1024,1)
(3592,1)
(440,1)
(1208,1)
(2328,1)
(1576,1)
(856,1)
(1432,1)
(4560,1)
(80,1)
(2920,1)
(4784,1)
(3688,1)
(3728,1)
(2384,1)
(2776,1)
(104,1)
(3968,1)
(352,1)
(3408,1)
(1056,1)
(3832,1)
(1448,1)
(1936,1)
(2112,1)
(3944,1)
(1048,1)
(2256,1)
(4088,1)
(1112,1)
(1584,1)
(3536,1)
(3712,1)
(552,1)
(272,1)
(3776,1)
(3584,1)
(3936,1)
(864,1)
(2800,1)
(976,1)
(4192,1)
(816,1)
(2624,1)
(3040,1)
(1568,1)
(2888,1)
(4808,1)
(2816,1)
(3160,1)
(3448,1)
(2056,1)
(1376,1)
(568,1)
(504,1)
(4176,1)
(2440,1)
(1904,1)
(4272,1)
(424,1)
(2984,1)
(3256,1)
(3248,1)
(200,1)
(1440,1)
(2232,1)
(4640,1)
(2344,1)
(584,1)
(2680,1)
(4624,1)
(3224,1)
(3800,1)
(1640,1)
(3152,1)
(1456,1)
(3176,1)
(2728,1)
(2104,1)
(264,1)
(1240,1)
(3656,1)
(2560,1)
(2552,1)
(1712,1)
(2096,1)
(1000,1)
(328,1)
(3720,1)
(3344,1)
(3232,1)
(3840,1)
(2400,1)
(800,1)
(3072,1)
(2520,1)
(2072,1)
(3752,1)
(3200,1)
(648,1)
(3920,1)
(4976,1)
(792,1)
(4936,1)
(1512,1)
(4496,1)
(3464,1)
(416,1)
(3768,1)
(2032,1)
(1160,1)
(4536,1)
(680,1)
(1464,1)
(1648,1)
(1616,1)
(2216,1)
(4368,1)
(3440,1)
(1952,1)
(1256,1)
(4184,1)
(4416,1)
(4520,1)
(1384,1)
(2120,1)
(3632,1)
(4472,1)
(3608,1)
(2576,1)
(4024,1)
(1536,1)
(4872,1)
(48,1)
(128,1)
(4616,1)
(2048,1)
(1088,1)
(2264,1)
(2504,1)
(4888,1)
(2064,1)
(880,1)
(448,1)
(1312,1)
(392,1)
(960,1)
(3184,1)
(776,1)
(1544,1)
(384,1)
